header: 
  seq: 4804
  stamp: 
    secs: 1621364063
    nsecs:  10250832
  frame_id: "camera"
height: 1080
width: 1440
distortion_model: "plumb_bob"
D: [-0.2915072355319475, 0.1322087070718781, 0.001917245737452263, -0.001161356654792099, 0.0]
K: [1765.892271789462, 0.0, 761.5260459265995, 0.0, 1767.78264279208, 473.436570623653, 0.0, 0.0, 1.0]
R: [0.9999967668707787, 0.0007104413805992784, -0.002441622623197496, -0.0007052423369743971, 0.9999974838404134, 0.002129541285869629, 0.002443129393936497, -0.002127812465142662, 0.9999947517526668]
P: [1739.841467996796, 0.0, 790.8899154663086, -104.7332943357971, 0.0, 1739.841467996796, 459.0037231445312, 0.0, 0.0, 0.0, 1.0, 0.0]
binning_x: 1
binning_y: 1
roi: 
  x_offset: 0
  y_offset: 0
  height: 0
  width: 0
  do_rectify: False
