header: 
  seq: 1501
  stamp: 
    secs: 1621779249
    nsecs: 313236399
  frame_id: "camera"
height: 1080
width: 1440
distortion_model: "plumb_bob"
D: [-0.2839398369231078, 0.1914277124191086, 0.002185909779364608, 0.001041228930728437, 0.0]
K: [1778.041899216106, 0.0, 620.1062811706885, 0.0, 1783.690255350478, 532.6196218048583, 0.0, 0.0, 1.0]
R: [0.9999055102289395, 0.003467610653050045, -0.01330211600321426, -0.003432285777477017, 0.9999905251750878, 0.002677494051168598, 0.01331127447488947, -0.002631584391800503, 0.9999079381300274]
P: [1769.982558274258, 0.0, 661.4783096313477, -106.738772445675, 0.0, 1769.982558274258, 522.6684379577637, 0.0, 0.0, 0.0, 1.0, 0.0]
binning_x: 1
binning_y: 1
roi: 
  x_offset: 0
  y_offset: 0
  height: 0
  width: 0
  do_rectify: False
