header: 
  seq: 2228
  stamp: 
    secs: 1621625260
    nsecs: 715253899
  frame_id: "camera"
height: 1080
width: 1440
distortion_model: "plumb_bob"
D: [-0.2731712690253748, 0.1123115772590576, 0.0001703855585321554, -0.001711262867725446, 0.0]
K: [1767.057425345494, 0.0, 740.5383004445105, 0.0, 1770.503138741292, 489.3828679087976, 0.0, 0.0, 1.0]
R: [0.9999182851183641, 0.00180914008090624, -0.01265504239887773, -0.001748373872021795, 0.9999868979012102, 0.00481115523736086, 0.01266358064503738, -0.004788636348900582, 0.9999083471434592]
P: [1746.557066880428, 0.0, 786.0442657470703, -105.0840325650066, 0.0, 1746.557066880428, 469.4014129638672, 0.0, 0.0, 0.0, 1.0, 0.0]
binning_x: 1
binning_y: 1
roi: 
  x_offset: 0
  y_offset: 0
  height: 0
  width: 0
  do_rectify: False
