header: 
  seq: 2650
  stamp: 
    secs: 1653158970
    nsecs: 479281188
  frame_id: "camera"
height: 1080
width: 1440
distortion_model: "plumb_bob"
D: [-0.2886829876277491, 0.1830853858513301, 0.002447406765485187, 0.0008182037772674989, 0.0]
K: [1723.155242724805, 0.0, 728.6509282493386, 0.0, 1725.497897355215, 518.1240087485318, 0.0, 0.0, 1.0]
R: [0.9995539780571074, 4.737243857777237e-05, 0.02986373563477343, -5.916523596380533e-05, 0.9999999206304108, 0.0003940033590029391, -0.02986371459960107, -0.0003955945198248766, 0.9995539015257204]
P: [1705.077963746489, 0.0, 694.1085739135742, -102.3058906934922, 0.0, 1705.077963746489, 513.2177696228027, 0.0, 0.0, 0.0, 1.0, 0.0]
binning_x: 1
binning_y: 1
roi: 
  x_offset: 0
  y_offset: 0
  height: 0
  width: 0
  do_rectify: False
