header: 
  seq: 6577
  stamp: 
    secs: 1653574246
    nsecs: 749715882
  frame_id: "camera"
height: 1080
width: 1440
distortion_model: "plumb_bob"
D: [-0.2768984667827666, 0.1482798119381989, 0.00100414096354799, 0.0003710620483347694, 0.0]
K: [1742.977062739284, 0.0, 694.8998966498049, 0.0, 1741.347224575685, 491.4927035586165, 0.0, 0.0, 1.0]
R: [0.9999529128307799, 0.0008191945672699324, -0.00966959365741591, -0.0008403010108219951, 0.9999972731334886, -0.002178903347630688, 0.00966778234393979, 0.002186926118564584, 0.9999508744626919]
P: [1716.033629425396, 0.0, 732.8720321655273, -103.2660676381412, 0.0, 1716.033629425396, 488.7047729492188, 0.0, 0.0, 0.0, 1.0, 0.0]
binning_x: 1
binning_y: 1
roi: 
  x_offset: 0
  y_offset: 0
  height: 0
  width: 0
  do_rectify: False
