header: 
  seq: 250
  stamp: 
    secs: 1684786476
    nsecs: 573618717
  frame_id: "camera"
height: 1080
width: 1440
distortion_model: "plumb_bob"
D: [-0.2902062329380788, 0.2005458068222046, -0.001117976570151195, 6.713551936813739e-05, 0.0]
K: [1725.619671222985, 0.0, 686.6947726874093, 0.0, 1725.073288782622, 496.5255464830553, 0.0, 0.0, 1.0]
R: [0.9999322685195163, -0.0007571638185103629, -0.01161400345986577, 0.000733112426344325, 0.9999975784297367, -0.002075013453707337, 0.01161554646085041, 0.002066358539718039, 0.9999304021994737]
P: [1701.101889540118, 0.0, 728.7559661865234, -101.7542566157982, 0.0, 1701.101889540118, 488.5225448608398, 0.0, 0.0, 0.0, 1.0, 0.0]
binning_x: 1
binning_y: 1
roi: 
  x_offset: 0
  y_offset: 0
  height: 0
  width: 0
  do_rectify: False
