header: 
  seq: 2
  stamp: 
    secs: 1684715177
    nsecs: 956225564
  frame_id: "camera"
height: 1080
width: 1440
distortion_model: "plumb_bob"
D: [-0.2833200967984859, 0.1955202034065904, -0.0002053209737947473, -0.001236616344748593, 0.0]
K: [1752.697892335603, 0.0, 699.2122311651391, 0.0, 1752.944777903392, 493.7444518259256, 0.0, 0.0, 1.0]
R: [0.9999787118702379, -0.002875105079414483, -0.005857437760829635, 0.00285548526470332, 0.9999902944726821, -0.003355169793267751, 0.005867027377022371, 0.00333837254076284, 0.9999772163697213]
P: [1716.643381687693, 0.0, 699.4189605712891, -102.7181051429979, 0.0, 1716.643381687693, 494.6686096191406, 0.0, 0.0, 0.0, 1.0, 0.0]
binning_x: 1
binning_y: 1
roi: 
  x_offset: 0
  y_offset: 0
  height: 0
  width: 0
  do_rectify: False
